change a_output_3_grid.vtk
change a_output_3_ordenado.vtk
del_face_cid 10
del_face_cid 10
del_face_cid 10
del_face_cid 10
del_face_cid 10
del_face_cid 10
del_face_cid 10
del_face_cid 10
del_face_cid 10
del_face_cid 10
del_face_cid 10
del_face_cid 10
del_face_cid 10
del_face_cid 10
del_face_cid 10  
del_face_cid 4
change a_output_3_quads.vtk
mov 1 +2.00000000E-01 -7.76400000E-01 +0.00000000E+00
mov 2 +7.74400000E-01 -7.72400000E-01 +0.00000000E+00
mov 15 +5.04800000E-01 -2.07600000E-01 +0.00000000E+00
mov 26 +3.18400000E-01 -7.61200000E-01 +0.00000000E+00
mov 29 +3.19200000E-01 -7.06800000E-01 +0.00000000E+00
mov 30 +6.21600000E-01 -7.71600000E-01 +0.00000000E+00
mov 33 +6.20800000E-01 -6.84400000E-01 +0.00000000E+00
mov 36 +4.73600000E-01 -3.30800000E-01 +0.00000000E+00
mov 45 +2.00000000E-01 -7.92400000E-01 +0.00000000E+00
mov 46 +2.20000000E-01 -7.73200000E-01 +0.00000000E+00
mov 50 +3.34400000E-01 -7.71600000E-01 +0.00000000E+00
mov 51 +3.12000000E-01 -7.39600000E-01 +0.00000000E+00
mov 52 +2.77600000E-01 -7.02000000E-01 +0.00000000E+00
mov 53 +2.45600000E-01 -7.56400000E-01 +0.00000000E+00
mov 54 +3.71200000E-01 -7.76400000E-01 +0.00000000E+00
mov 57 +3.71200000E-01 -7.92400000E-01 +0.00000000E+00
mov 58 +5.00000000E-01 -5.70000000E-01 +0.00000000E+00
mov 60 +3.60800000E-01 -6.04400000E-01 +0.00000000E+00
mov 61 +3.74400000E-01 -5.70000000E-01 +0.00000000E+00
mov 65 +5.79200000E-01 -7.92400000E-01 +0.00000000E+00
mov 66 +6.33600000E-01 -7.62800000E-01 +0.00000000E+00
mov 68 +5.79200000E-01 -7.76400000E-01 +0.00000000E+00
mov 69 +7.56000000E-01 -7.61200000E-01 +0.00000000E+00
mov 70 +8.00000000E-01 -7.76400000E-01 +0.00000000E+00
mov 72 +7.40800000E-01 -7.39600000E-01 +0.00000000E+00
mov 75 +6.64040306E-01 -5.66565436E-01 +0.00000000E+00
mov 77 +5.74400000E-01 -5.70000000E-01 +0.00000000E+00
mov 78 +5.87200000E-01 -6.04400000E-01 +0.00000000E+00
mov 82 +5.97166927E-01 -4.15816972E-01 +0.00000000E+00
mov 89 +4.32892592E-01 -4.28957379E-01 +0.00000000E+00
mov 90 +4.88800000E-01 -2.07600000E-01 +0.00000000E+00
mov 93 +8.00000000E-01 -7.92400000E-01 +0.00000000E+00
del_face 36 2 93 96 70
del_face 32 89 81 36 87
del_face 31 59 16 81 89
del_face 26 82 79 37 80
del_face 19 75 76 74 32
del_face 16 72 70 31 71
del_face 15 69 2 70 72
del_face 13 68 66 33 67
del_face 8 61 58 16 59
del_face 4 46 53 52 22
del_face 0 45 1 46 49
mov 16 +5.38130403E-01 -4.83931670E-01 +0.00000000E+00
mov 27 +5.00000000E-01 -6.04400000E-01 +0.00000000E+00
mov 28 +3.62108312E-01 -5.04173725E-01 +0.00000000E+00
mov 32 +6.36673662E-01 -5.04874526E-01 +0.00000000E+00
mov 40 +4.15452607E-01 -3.79299580E-01 +0.00000000E+00
mov 56 +4.26169000E-01 -6.04400000E-01 +0.00000000E+00
mov 59 +4.06767028E-01 -4.91953697E-01 +0.00000000E+00
mov 62 +3.50714384E-01 -5.30845873E-01 +0.00000000E+00
mov 64 +3.24042237E-01 -5.93282946E-01 +0.00000000E+00
mov 67 +6.00640793E-01 -6.36401887E-01 +0.00000000E+00
mov 71 +7.03547040E-01 -6.55622990E-01 +0.00000000E+00
mov 76 +6.76180396E-01 -5.93932080E-01 +0.00000000E+00
mov 79 +6.09307018E-01 -4.43183616E-01 +0.00000000E+00
mov 80 +5.69800283E-01 -3.54126062E-01 +0.00000000E+00
mov 81 +5.11709541E-01 -4.21234545E-01 +0.00000000E+00
mov 84 +5.15066995E-01 -2.30744243E-01 +0.00000000E+00
mov 86 +5.42433639E-01 -2.92435153E-01 +0.00000000E+00
mov 87 +4.26846534E-01 -3.52627432E-01 +0.00000000E+00
mov 88 +3.88780459E-01 -4.41736652E-01 +0.00000000E+00
mov 92 +4.53518682E-01 -2.90190359E-01 +0.00000000E+00

