mov 17 +5.38130403E-01 -4.83931670E-01 +0.00000000E+00
mov 28 +5.00000000E-01 -6.04400000E-01 +0.00000000E+00
mov 29 +3.62108312E-01 -5.04173725E-01 +0.00000000E+00
mov 33 +6.36673662E-01 -5.04874526E-01 +0.00000000E+00
mov 41 +4.15452607E-01 -3.79299580E-01 +0.00000000E+00
mov 57 +4.26169000E-01 -6.04400000E-01 +0.00000000E+00
mov 60 +4.06767028E-01 -4.91953697E-01 +0.00000000E+00
mov 63 +3.50714384E-01 -5.30845873E-01 +0.00000000E+00
mov 65 +3.24042237E-01 -5.93282946E-01 +0.00000000E+00
mov 68 +6.00640793E-01 -6.36401887E-01 +0.00000000E+00
mov 72 +7.03547040E-01 -6.55622990E-01 +0.00000000E+00
mov 77 +6.76180396E-01 -5.93932080E-01 +0.00000000E+00
mov 80 +6.09307018E-01 -4.43183616E-01 +0.00000000E+00
mov 81 +5.69800283E-01 -3.54126062E-01 +0.00000000E+00
mov 82 +5.11709541E-01 -4.21234545E-01 +0.00000000E+00
mov 85 +5.15066995E-01 -2.30744243E-01 +0.00000000E+00
mov 87 +5.42433639E-01 -2.92435153E-01 +0.00000000E+00
mov 88 +4.26846534E-01 -3.52627432E-01 +0.00000000E+00
mov 89 +3.88780459E-01 -4.41736652E-01 +0.00000000E+00
mov 93 +4.53518682E-01 -2.90190359E-01 +0.00000000E+00
