mov 2 +2.00000000E-01 -7.76400000E-01 +0.00000000E+00
mov 3 +7.74400000E-01 -7.72400000E-01 +0.00000000E+00
mov 16 +5.04800000E-01 -2.07600000E-01 +0.00000000E+00
mov 27 +3.18400000E-01 -7.61200000E-01 +0.00000000E+00
mov 30 +3.19200000E-01 -7.06800000E-01 +0.00000000E+00
mov 31 +6.21600000E-01 -7.71600000E-01 +0.00000000E+00
mov 34 +6.20800000E-01 -6.84400000E-01 +0.00000000E+00
mov 37 +4.73600000E-01 -3.30800000E-01 +0.00000000E+00
mov 46 +2.00000000E-01 -7.92400000E-01 +0.00000000E+00
mov 47 +2.20000000E-01 -7.73200000E-01 +0.00000000E+00
mov 51 +3.34400000E-01 -7.71600000E-01 +0.00000000E+00
mov 52 +3.12000000E-01 -7.39600000E-01 +0.00000000E+00
mov 53 +2.77600000E-01 -7.02000000E-01 +0.00000000E+00
mov 54 +2.45600000E-01 -7.56400000E-01 +0.00000000E+00
mov 55 +3.71200000E-01 -7.76400000E-01 +0.00000000E+00
mov 58 +3.71200000E-01 -7.92400000E-01 +0.00000000E+00
mov 59 +5.00000000E-01 -5.70000000E-01 +0.00000000E+00
mov 61 +3.60800000E-01 -6.04400000E-01 +0.00000000E+00
mov 62 +3.74400000E-01 -5.70000000E-01 +0.00000000E+00
mov 66 +5.79200000E-01 -7.92400000E-01 +0.00000000E+00
mov 67 +6.33600000E-01 -7.62800000E-01 +0.00000000E+00
mov 69 +5.79200000E-01 -7.76400000E-01 +0.00000000E+00
mov 70 +7.56000000E-01 -7.61200000E-01 +0.00000000E+00
mov 71 +8.00000000E-01 -7.76400000E-01 +0.00000000E+00
mov 73 +7.40800000E-01 -7.39600000E-01 +0.00000000E+00
mov 76 +6.64040306E-01 -5.66565436E-01 +0.00000000E+00
mov 78 +5.74400000E-01 -5.70000000E-01 +0.00000000E+00
mov 79 +5.87200000E-01 -6.04400000E-01 +0.00000000E+00
mov 83 +5.97166927E-01 -4.15816972E-01 +0.00000000E+00
mov 90 +4.32892592E-01 -4.28957379E-01 +0.00000000E+00
mov 91 +4.88800000E-01 -2.07600000E-01 +0.00000000E+00
mov 94 +8.00000000E-01 -7.92400000E-01 +0.00000000E+00
