# vtk DataFile Version 3.0
VTK file formatted in classic ASCII
ASCII
DATASET UNSTRUCTURED_GRID
POINTS 33 float
-1.04540002E+00 -1.00899005E+00 +0.00000000E+00 +9.72580016E-01 -1.00899005E+00 +0.00000000E+00
+2.99056005E+00 -1.00899005E+00 +0.00000000E+00 +5.00854015E+00 -1.00899005E+00 +0.00000000E+00
+7.02651978E+00 -1.00899005E+00 +0.00000000E+00 +9.04450035E+00 -1.00899005E+00 +0.00000000E+00
-1.04540002E+00 +1.00899005E+00 +0.00000000E+00 +9.72580016E-01 +1.00899005E+00 +0.00000000E+00
+2.99056005E+00 +1.00899005E+00 +0.00000000E+00 +5.00854015E+00 +1.00899005E+00 +0.00000000E+00
+7.02651978E+00 +1.00899005E+00 +0.00000000E+00 +9.04450035E+00 +1.00899005E+00 +0.00000000E+00
-3.64100002E-02 -1.00899005E+00 +0.00000000E+00 +9.72580016E-01 +0.00000000E+00 +0.00000000E+00
-3.64100002E-02 +1.00899005E+00 +0.00000000E+00 -1.04540002E+00 +0.00000000E+00 +0.00000000E+00
-3.64100002E-02 +0.00000000E+00 +0.00000000E+00 +1.98157001E+00 -1.00899005E+00 +0.00000000E+00
+2.99056005E+00 +0.00000000E+00 +0.00000000E+00 +1.98157001E+00 +1.00899005E+00 +0.00000000E+00
+1.98157001E+00 +0.00000000E+00 +0.00000000E+00 +3.99955010E+00 -1.00899005E+00 +0.00000000E+00
+5.00854015E+00 +0.00000000E+00 +0.00000000E+00 +3.99955010E+00 +1.00899005E+00 +0.00000000E+00
+3.99955010E+00 +0.00000000E+00 +0.00000000E+00 +6.01752996E+00 -1.00899005E+00 +0.00000000E+00
+7.02651978E+00 +0.00000000E+00 +0.00000000E+00 +6.01752996E+00 +1.00899005E+00 +0.00000000E+00
+6.01752996E+00 +0.00000000E+00 +0.00000000E+00 +8.03551006E+00 -1.00899005E+00 +0.00000000E+00
+9.04450035E+00 +0.00000000E+00 +0.00000000E+00 +8.03551006E+00 +1.00899005E+00 +0.00000000E+00
+8.03551006E+00 +0.00000000E+00 +0.00000000E+00
CELLS 20 100
4 0 12 16 15
4 12 1 13 16
4 1 17 20 13
4 17 2 18 20
4 2 21 24 18
4 21 3 22 24
4 3 25 28 22
4 25 4 26 28
4 4 29 32 26
4 29 5 30 32
4 15 16 14 6
4 16 13 7 14
4 13 20 19 7
4 20 18 8 19
4 18 24 23 8
4 24 22 9 23
4 22 28 27 9
4 28 26 10 27
4 26 32 31 10
4 32 30 11 31
CELL_TYPES 20
9
9
9
9
9
9
9
9
9
9
9
9
9
9
9
9
9
9
9
9
